Multinomial Logistic regression Train Accuracy ::  0.688461538462
Multinomial Logistic regression Test Accuracy ::  0.674778761062
[ 3.  2.  2.  2.  2.  2.  2.  3.  2.  3.  2.  2.  2.  2.  3.  3.  2.  2.
  3.  2.  3.  3.  2.  2.  2.  2.  3.  2.  3.  2.  3.  1.  2.  3.  3.  2.
  3.  2.  3.  2.  2.  2.  3.  2.  3.  2.  2.  2.  3.  2.  2.  2.  2.  2.
  3.  2.  2.  2.  2.  3.  3.  2.  2.  2.  2.  2.  2.  3.  3.  2.  3.  2.
  2.  2.  3.  2.  2.  2.  2.  2.  2.  2.  2.  3.  2.  2.  3.  2.  2.  2.
  2.  2.  3.  2.  2.  2.  3.  3.  2.  2.  3.  2.  2.  2.  3.  3.  2.  2.
  2.  2.  2.  3.  3.  2.  3.  3.  2.  2.  2.  2.  2.  2.  2.  3.  2.  2.
  2.  2.  3.  2.  2.  2.  3.  3.  3.  2.  3.  2.  2.  2.  2.  3.  3.  2.
  2.  3.  2.  3.  2.  2.  3.  2.  2.  3.  2.  2.  2.  2.  2.  2.  2.  3.
  2.  2.  2.  2.  3.  2.  3.  2.  2.  2.  2.  3.  3.  2.  3.  2.  3.  3.
  3.  2.  2.  2.  2.  2.  3.  2.  2.  2.  3.  2.  2.  2.  2.  3.  3.  2.
  2.  3.  2.  2.  3.  2.  3.  2.  2.  2.  2.  2.  3.  3.  2.  2.  2.  3.
  2.  2.  2.  2.  2.  2.  2.  2.  3.  3.  2.  2.  3.  3.  2.  3.  2.  2.
  2.  3.  2.  2.  2.  2.  2.  2.  3.  2.  3.  2.  2.  3.  2.  2.  2.  3.
  2.  2.  2.  2.  2.  2.  2.  2.  2.  2.  2.  2.  2.  2.  3.  2.  2.  2.
  2.  3.  2.  2.  2.  2.  3.  2.  3.  2.  3.  2.  2.  2.  3.  3.  2.  3.
  2.  2.  3.  2.  2.  3.  2.  2.  2.  2.  2.  3.  2.  3.  2.  3.  2.  2.
  2.  2.  3.  2.  2.  2.  3.  2.  2.  3.  2.  2.  2.  2.  3.  3.  3.  2.
  2.  3.  2.  2.  2.  3.  2.  3.  2.  2.  2.  2.  2.  2.  3.  2.  3.  2.
  2.  2.  2.  2.  2.  2.  2.  2.  2.  2.  2.  2.  2.  3.  2.  3.  2.  2.
  2.  3.  2.  2.  2.  2.  2.  3.  3.  3.  2.  3.  2.  2.  3.  3.  2.  2.
  2.  2.  2.  2.  2.  2.  2.  2.  3.  2.  2.  2.  3.  3.  2.  2.  2.  3.
  2.  2.  2.  2.  3.  2.  2.  2.  2.  3.  3.  2.  2.  3.  2.  2.  2.  2.
  2.  3.  3.  2.  3.  2.  2.  2.  1.  2.  2.  2.  2.  3.  2.  3.  3.  2.
  2.  2.  2.  2.  3.  3.  3.  2.  2.  3.  2.  2.  2.  2.  3.  2.  2.  2.
  2.  3.]
